Ed25519PrivateKey {
  _key: Uint8Array(64) [
    168,  53, 182, 123, 203, 236,  68, 165, 129,  52, 195,
     56,  87, 201, 140,  11, 120, 122, 131,   3, 183, 161,
     26, 140,  14, 135, 183, 235,  81,  21, 173,  57,  22,
     30, 191,  75, 100, 196,  13,  56, 165,   9, 159,  49,
    176, 243,  74,  47,  21,   9,  60,   7, 253, 159,  41,
    135,  22,  45,  54, 155, 116, 139,  92,   8
  ],
  _publicKey: Uint8Array(32) [
     22, 30, 191,  75, 100, 196, 13,  56,
    165,  9, 159,  49, 176, 243, 74,  47,
     21,  9,  60,   7, 253, 159, 41, 135,
     22, 45,  54, 155, 116, 139, 92,   8
  ]
}
